4268
4176
3146
2840
5311
3962
4309
3976
3475
3514
3736
4870
3665
3675
4276
3472
3538
4689
5212
4389
4860
3982
3597
4197
4051
3962
3682
3753
3483
4000
4146
4444
3189
4292
3404
3987
4142
5006
2973
3411
3607
3480
4600
4411
3877
5409
3848
3476
5144
3548
4434
4375
3885
4314
3549
4070
4048
3894
3943
4548
3460
4763
3566
4031
3519
4064
4171
4859
3060
3608
4106
2424
3755
4236
4405
3375
4273
3431
4167
4511
3820
5337
4020
4290
4119
4578
4899
2888
3413
3746
4126
3550
4488
3164
4097
4399
3834
4262
3339
4049
3948
4354
4497
3963
3414
3392
3842
4191
4580
3764
4151
3937
4253
3998
4164
3844
3902
4220
3204
4371
3000
3569
3207
4121
4269
3824
4277
4238
2712
3582
5026
4079
3833
4179
4694
3697
3930
4249
3462
4488
4390
4558
5037
4036
3722
4777
4840
3663
3567
4967
3654
3824
2414
3682
3457
3647
3335
3797
3133
4231
4069
4489
5647
4222
3424
5378
3940
3803
3728
3401
3616
4117
3879
4813
3987
4274
5514
4566
3637
5228
3579
4061
4309
3404
3250
4207
3412
5125
4193
4072
3159
5731
2802
4464
3868
3333
5048
3265
3204
4452
3751
5328
3720
3793
3790
4120
4488
4691
4379
3280
2992
3980
2978
3805
3281
3811
3853
3734
4161
3692
3129
4361
4468
4208
5006
4241
3235
4175
4269
4030
3982
3961
3910
3668
4602
3403
4118
3982
4056
3559
4607
4926
3604
4921
4607
4098
3987
3211
4398
3826
4027
5607
3858
3593
4382
4717
3905
3592
4471
5140
4152
4274
3376
4192
3721
4107
3255
3743
2978
3367
5205
3473
5336
5150
4002
5131
3581
3439
5012
3507
3543
2941
4473
3978
4813
3861
3895
3590
4242
4143
4626
3926
4109
3761
4950
5405
3981
5073
3766
4385
2822
2149
3068
4914
5301
3813
3662
2653
4145
5401
3381
4557
3605
3297
3578
4608
4880
4120
4369
4647
4412
4181
3015
3656
4074
3987
3193
4622
4803
4915
3414
4349
3351
4186
3425
3959
3433
4420
4031
3392
3741
4091
3647
5452
3568
3818
5231
3278
3125
3853
4199
3478
3902
4240
4532
3307
4518
3750
3449
3837
3661
3799
3656
4225
3522
4541
3177
3591
3136
3902
3461
6183
3745
4197
3618
3292
2957
4542
3093
4070
4226
5508
3784
2873
2808
3796
2465
3649
3961
3705
4776
3538
4202
4371
3337
4231
2870
4816
3618
3360
4128
4574
4395
3182
4950
2732
3928
4620
3701
4081
4002
4797
3684
4207
4184
3524
5202
3844
4568
4013
4407
2769
4607
4562
4806
3466
3576
4792
3789
4407
3873
4584
4282
3987
3914
3645
5234
3924
3676
3933
4811
4001
2950
3337
4132
3463
4958
3374
4375
3474
4099
3302
3977
3582
3445
4818
2974
4673
5195
3511
4746
4235
3617
3214
4322
4384
3748
4002
4716
4604
3899
4307
4532
4993
4774
4485
5019
4098
3281
4180
4053
4122
4722
4045
3818
3439
4535
4671
4643
3937
4942
4195
3781
5080
4327
4262
4127
4295
3723
3911
5784
3329
3935
4176
3284
3210
4071
3321
3877
4163
3824
4944
3038
4731
4071
3851
3608
3443
3754
5406
3330
3628
4757
4625
3488
3176
4356
3138
3978
4545
4392
5119
4031
3928
3243
3522
2853
5080
3203
2997
4163
4677
3921
5410
3817
3656
3900
4059
3602
4599
4390
3847
4200
3511
3695
3947
3343
3172
4362
6077
4228
2612
3951
3348
2728
4250
4201
4323
3011
3589
4293
3808
5119
3849
4998
4702
3611
3447
3747
4068
4718
3292
4274
3712
3952
3653
3649
4342
4655
4408
4458
4515
4369
3386
3201
4708
4287
4780
4154
4733
4715
3973
4540
4315
2884
4768
3943
5538
3421
3967
3773
3421
4623
3588
3770
4881
3614
4043
3018
3209
4475
5021
4531
4809
4503
3713
3187
4195
4012
3701
4503
3322
4394
5308
3633
4209
3554
3390
4259
3492
4402
3397
3886
4128
3115
2761
4789
3703
4445
4580
3938
3584
3727
3818
3381
3981
4794
3775
4201
4612
3937
3677
3497
4079
3711
4334
3795
3786
4341
3558
3347
3950
4409
4254
4587
3895
3860
4176
4104
4173
4544
3248
5242
4625
3081
4325
4186
3359
4054
3955
3530
3251
4033
4238
3441
4357
4414
4624
3690
4798
3622
4524
3838
3796
3704
5720
3580
3402
2874
3649
4003
5077
3237
4111
3907
3389
4226
4358
3003
3354
4189
4065
4207
4180
5046
3558
3746
4545
3040
3541
4117
3869
4178
2790
3979
3952
4540
4846
4558
4009
3329
3253
3764
3199
3154
4721
4211
3844
4073
3586
4514
2849
3556
4300
4729
4169
4243
4036
4708
3630
3943
4002
4348
4320
3724
3263
3706
3534
3433
3546
4941
3508
3305
4398
2767
4905
3098
4494
5033
4531
3992
4795
2835
3755
3433
4213
4235
3444
4416
4807
3186
3411
3631
4102
4808
3942
3509
5460
3542
4000
3927
4108
3940
4488
3836
3304
4319
4043
3272
4767
4255
2942
3272
3707
4369
3590
3179
3284
3646
3922
4339
4089
3278
4415
4708
5142
5091
3114
4581
3267
3567
3429
3586
3190
2735
4238
3389
3349
2443
3939
3016
4286
3952
3148
4099
3963
3810
3610
4132
5536
4411
3943
3887
4241
4565
5283
3529
3969
3673
3784
4647
3670
3168
3838
3572
4041
4544
2863
4847
3230
3517
5443
5325
3570
4430
3112
3445
3494
4638
4326
4052
3635
3797
3850
3996
3583
4121
4146
4263
3966
3700
4698
3321
3729
4515
4470
2987
3933
4435
4772
3456
3434
3719
4248
3578
5673
3840
5000
4709
3797
3406
3920
4089
4382
3957
4312
3218
4170
3066
4246
5387
2656
3149
4226
3381
4165
3545
4812
3984
4174
4056
3703
2410
4462
3651
3325
3611
4349
3917
4615
4334
4497
3701
4410
5297
3668
2817
3983
3672
4862
3929
5146
4980
5300
2933
4346
3877
5138
4047
3960
3604
4018
2908
4248
4773
3322
4018
3704
4390
4648
3820
3501
3935
3773
3882
2991
3646
4551
4239
3742
3779
4023
4719
4415
4442
4220
3537
4323
3967
4801
4697
4637
4040
4216
4028
4532
4721
3991
4143
3532
